0.000000
0.000000
0.000000
0.000000
0.000000
0.000000
0.000000
0.000000
0.000000
0.000000
0.000000
0.000000
0.000000
0.000000
0.000000
0.000000
0.000000
0.000000
0.000000
0.000000
0.000000
0.000000
0.000000
0.000000
0.000000
0.000000
0.000000
0.000000
0.000000
0.000000
0.000000
0.000000
0.000000
0.000000
0.000000
0.000000
0.000000
0.000000
0.000000
0.000000
0.000000
0.000000
0.000000
0.000000
0.000000
0.000000
0.000000
0.000000
0.000000
0.000000
0.000000
0.000000
0.000000
0.000000
0.000000
0.000000
0.000000
0.000000
0.000000
0.000000
0.000000
0.000000
0.000000
0.000000
0.000000
0.000000
0.000000
0.000000
0.000000
0.000000
0.000000
0.000000
0.000000
0.000000
0.000000
0.000000
0.000000
0.000000
0.000000
0.000000
0.000000
0.000000
0.000000
0.000000
0.000000
0.000000
0.000000
0.000000
0.000000
0.000000
0.000000
0.000000
0.000000
0.000000
0.000000
0.000000
0.000000
0.000000
0.000000
0.000000
0.016294
0.007399
0.000000
0.010761
0.005113
0.000000
0.005667
0.014783
0.000000
0.012220
0.000000
0.004478
0.004656
0.004669
0.004791
0.011249
0.000000
0.007435
0.008201
0.019003
0.011351
0.000000
0.013737
0.017900
0.017619
0.015067
0.013493
0.011534
0.010427
0.009243
0.016699
0.007809
0.000000
0.008097
0.008448
0.009370
0.010575
0.010314
0.020195
0.009782
0.009763
0.009600
0.000000
0.009578
0.010197
0.010262
0.010348
0.010375
0.010960
0.012593
0.012579
0.013000
0.012367
0.012518
0.023396
0.000000
0.026704
0.000000
0.026782
0.000000
0.023181
0.008952
0.007148
0.005754
0.000000
0.004629
0.004057
0.003629
0.003564
0.003510
0.003443
0.003616
0.003485
0.003496
0.003473
0.003195
0.003130
0.006137
0.000000
0.005729
0.000000
0.005630
0.000000
0.005438
0.000000
0.002616
0.002732
0.002690
0.002699
0.002777
0.002721
0.002743
0.002720
0.002665
0.002710
0.002863
0.002838
0.002870
0.003029
0.002995
0.005994
0.000000
0.006214
0.000000
0.006351
0.000000
0.006337
0.000000
0.006746
0.003424
0.000000
0.003409
0.003355
0.006949
0.000000
0.003419
0.003567
0.006793
0.000000
0.003369
0.003388
0.006518
0.000000
0.006199
0.000000
0.006306
0.000000
0.005981
0.000000
0.003032
0.003030
0.003141
0.002974
0.002966
0.002963
0.003133
0.002964
0.003140
0.006382
0.000000
0.003058
0.003128
0.005989
0.000000
0.002831
0.002797
0.002927
0.002919
0.002753
0.002627
0.002494
0.002487
0.002514
0.002292
0.002263
0.098614
