0.016294
0.007399
0.000000
0.010761
0.005113
0.000000
0.005667
0.014783
0.000000
0.012220
0.000000
0.004478
0.004656
0.004669
0.004791
0.011249
0.000000
0.007435
0.008201
0.019003
0.011351
0.000000
0.013737
0.017900
0.017619
0.015067
0.013493
0.011534
0.010427
0.009243
0.016699
0.007809
0.000000
0.008097
0.008448
0.009370
0.010575
0.010314
0.020195
0.009782
0.009763
0.009600
0.000000
0.009578
0.010197
0.010262
0.010348
0.010375
0.010960
0.012593
0.012579
0.013000
0.012367
0.012518
0.023396
0.000000
0.026704
0.000000
0.026782
0.000000
0.023181
0.008952
0.007148
0.005754
0.000000
0.004629
0.004057
0.003629
0.003564
0.003510
0.003443
0.003616
0.003485
0.003496
0.003473
0.003195
0.003130
0.006137
0.000000
0.005729
0.000000
0.005630
0.000000
0.005438
0.000000
0.002616
0.002732
0.002690
0.002699
0.002777
0.002721
0.002743
0.002720
0.002665
0.002710
0.002863
0.002838
0.002870
0.003029
0.002995
0.005994
0.000000
0.006214
0.000000
0.006351
0.000000
0.006337
0.000000
0.006746
0.003424
0.000000
0.003409
0.003355
0.006949
0.000000
0.003419
0.003567
0.006793
0.000000
0.003369
0.003388
0.006518
0.000000
0.006199
0.000000
0.006306
0.000000
0.005981
0.000000
0.003032
0.003030
0.003141
0.002974
0.002966
0.002963
0.003133
0.002964
0.003140
0.006382
0.000000
0.003058
0.003128
0.005989
0.000000
0.002831
0.002797
0.002927
0.002919
0.002753
0.002627
0.002494
0.002487
0.002514
0.002292
0.002263
0.004590
0.000000
0.002265
0.002211
0.004356
0.000000
0.002042
0.001962
0.003905
0.000000
0.001856
0.001911
0.003549
0.000000
0.001631
0.001721
0.001685
0.001668
0.001540
0.001679
0.001639
0.001635
0.001605
0.001535
0.001679
0.003206
0.000000
0.001555
0.001558
0.003198
0.000000
0.001677
0.001552
0.003018
0.000000
0.001528
0.001438
0.002853
0.000000
0.001442
0.001390
0.001330
0.001292
0.001243
0.001113
0.001194
0.002256
0.000000
0.001098
0.001050
0.002015
0.000000
0.000961
0.000967
0.001857
0.000000
0.000817
0.000793
0.001395
0.000000
0.000663
0.000613
0.001125
0.000522
0.000525
0.000000
0.000460
0.000836
0.000000
0.000396
0.000375
0.000331
0.000533
0.000000
0.000253
0.000411
0.000000
0.000194
0.000150
0.000133
0.000218
0.000081
0.000000
0.000134
0.000000
0.000056
0.000045
0.000052
0.000015
0.000010
0.000000
0.000006
0.000010
0.000000
0.000004
0.000001
0.000000
0.000000
0.000000
0.000000
0.000000
